Accuracies: [0.9565 0.9612 0.9531 0.9549 0.9563]
Mean: 0.9563982277821215
Standard deviation: 0.002680210608742773
