Accuracies: [0.9096 0.9037 0.9097 0.9037 0.9088]
Mean: 0.9070888715142038
Standard deviation: 0.002783883282403225
