Accuracies: [0.6149 0.6027 0.6089 0.6108 0.6028]
Mean: 0.6080271045087308
Standard deviation: 0.004727223650564747
